function [c1,c2,N] = QuadParams()
	c1 = 3.1415926535897931;
	c2 = 0.1000000000000000;
	N = 15;
end