function [x,w] = quad_gauss_exp(p, N)
%function [x,w] = quad_gauss_exp(p, N)
%
%   Return the abscissae and weights of the guass quadrature rule w.r.t.
%   the weight function exp(-x^p) on [0,infinity).

% $Id$

alpha2 = [.5641895835477562869480795, .9884253928468002854870634, 1.2859676193639399602827887, 1.5247208440801153035130023, 1.7301922743094392567715614, 1.9134998431431025707186745, 2.0806203364008332248176222, 2.2352283805046391496583173, 2.3797824435046374209405350, 2.5160256434438664097634180, 2.6452479250569531803261722, 2.7684359535042559069132736, 2.8863645940326945692708675, 2.9996556533536035386906269, 3.1088171759249201516926964, 3.2142706360711282274489138, 3.3163702970830873659208157, 3.4154173324133389445368691, 3.5116703446156295154051051, 3.6053533459055664302954823, 3.6966619115045907999685940, 3.7857679927002249484946054, 3.8728237301852214895392359, 3.9579645104229992917022032, 4.0413114410343916384468670, 4.1229733747796281836030273, 4.2030485788720019526602772, 4.2816261227682035852100861, 4.3587870403898888525030682, 4.4346053100412971727359268, 4.5091486858077933332742999, 4.5824794070596267694605328, 4.6546548072209951034250255, 4.7257278387550172210545016, 4.7957475280435453272958093, 4.8647593712768612584458606, 4.9328056804434948602898732, 4.9999258868996881314362460, 5.0661568087079578163326914, 5.1315328868942965193196921, 5.1960863949301972507737167, 5.2598476250578105118341491, 5.3228450545124346836883133, 5.3851054942315484729257976, 5.4466542222544300256576569, 5.5075151036958845509104553, 5.5677106989096931369032621, 5.6272623612325201939687682, 5.6861903255095047233332436, 5.7445137884424375199090118]';
beta2 = [.8862269254527580136490837, .1816901138162093284622325, .3413251289594391985641718, .5049621529880016319357512, .6702641946396190856785084, .8361704992803110155488235, 1.0023478510110108422245382, 1.1686711647442727438147851, 1.3350829222423353579798779, 1.5015525993447618438952914, 1.6680623621881161688454808, 1.8346010527937676419913598, 2.0011613185512137843317104, 2.1677381117632644853481960, 2.3343278495405013980184823, 2.5009279171337026699543208, 2.6675363609572020882810741, 2.8341516916678327579204959, 3.0007727537827190275850361, 3.1673986369644268117575671, 3.3340286142031102452513293, 3.5006620978281146517242162, 3.6672986076183948893640173, 3.8339377472958318506146765, 4.0005791869361956805814792, 4.1672226496283331945572198, 4.3338679012299504436044303, 4.5005147424120943373511796, 4.6671630024168257031595690, 4.8338125341123277420267271, 5.0004632100412028349661109, 5.1671149192366474464102065, 5.3337675646378040182685821, 5.5004210609766768917210652, 5.6670753330391570642955683, 5.8337303142250673602328783, 6.0003859453488901957077630, 6.1670421736354994723181629, 6.3336989518748675754822848, 6.5003562377071329380351548, 6.6670139930151540677164103, 6.8336721834061521384552925, 7.0003307777675582697995982, 7.1669897478849579708010267, 7.3336490681122320857853130, 7.5003087150857578832462613, 7.6669686674759521591020735, 7.8336289057705842156034431, 8.0002894120852171919567544, 8.1669501699968955260650680]';

alpha3 = [.5054680881560892780320687, .7226348664833369136115949, .8692882757695939617175302, .9749922051523184735146231, 1.0611698144195765789639876, 1.1351119261170298708945448, 1.2004347677717856082662605, 1.2592936519456071245968346, 1.3130898807554168480269836, 1.3627924506244114151019191, 1.4091030992819566485213497, 1.4525484726755266305505258, 1.4935352085725111723524419, 1.5323846590914736712001735, 1.5693557379424343643277852, 1.6046604955043460034394741, 1.6384750570513262020646310, 1.6709475019934206493075227, 1.7022036653732748948851538, 1.7323514920163192587959729, 1.7614843599411278944323189, 1.7896836552598686011526193, 1.8170207940047283169206117, 1.8435588288855982291404916, 1.8693537401547435849412321, 1.8944554829872121478593413, 1.9189088450079165692997670, 1.9427541542117511537121345, 1.9660278678431228735744558, 1.9887630657066679067660484, 2.0109898661170686275588552, 2.0327357787459252440068063, 2.0540260056283937457286733, 2.0748836992988052749599186, 2.0953301852523293787989637, 2.1153851545487862718411964, 2.1350668312900374970798054, 2.1543921188440694053802017, 2.1733767280049305088171258, 2.1920352897290754271949821, 2.2103814546458834302585619, 2.2284279811806444869255955, 2.2461868138348418992436780, 2.2636691529277229688974317, 2.2808855169045112642467285, 2.2978457981520024612237463, 2.3145593131252544025289251, 2.3310348474745180754114049, 2.3472806967653819948555278, 2.3633047033040489890146327]';
beta3 =  [.8929795115692492112185643, .1177841857632231864536461, .1697400428612904305233045, .2181674313917282684498784, .2628303463419099355990120, .3042143899457009645271018, .3430590355702954101407096, .3798748839163785458933576, .4150201477139501999281029, .4487573835433915654532293, .4812855572606512482672936, .5127596611666888810592785, .5433032520097659153985869, .5730167576776715109021154, .6019831630206301079400346, .6302720150349986348356849, .6579423158085268102505151, .6850446584837777832019632, .7116228350819671235574493, .7377150676438892099574683, .7633549653885194071672751, .7885722790606476256467780, .8133935027639770778931450, .8378423594575769778955116, .8619401965582968038212593, .8857063112598238521655051, .9091582203070667486452115, .9323118854387871595746922, .9551819031252129452409242, .9777816653066255024361222, 1.0001234963959086036599283, 1.0222187707123455093611931, 1.0440780136736938652308541, 1.0657109894232372943541356, 1.0871267770608308312347968, 1.1083338372474325967251584, 1.1293400706358236186168156, 1.1501528693272423743378424, 1.1707791623502936677842499, 1.1912254559939736324179292, 1.2114978696927702061955152, 1.2316021680522332237095776, 1.2515437895132654595070362, 1.2713278720788475528440202, 1.2909592764649785321691512, 1.3104426069859223403108086, 1.3297822304405186882921264, 1.3489822932298414138380496, 1.3680467369056628481828156, 1.3869793123230347850203826]';

alpha4 = [.4888705337234618988157677, .6281864152227862924132726, .7274984625289988637169403, .7931666776785689060242193, .8455006807036930418281098, .8894738573267510645084358, .9276872000259162318560618, .9616566441600093848686403, .9923472468677555466578382, 1.0204171215207083426109178, 1.0463372701512168195744403, 1.0704575902650673656445958, 1.0930458350503219779451998, 1.1143119096302551334691215, 1.1344237100022280517221624, 1.1535178319357899849026415, 1.1717070362388493988536106, 1.1890855902011758356039021, 1.2057331762846359415299618, 1.2217178089736984982893863, 1.2370980493338568790374312, 1.2519247122938861248267761, 1.2662422009683794310866759, 1.2800895623911959874184536, 1.2935013321592688828156370, 1.3065082170504410547556928, 1.3191376518033485778204347, 1.3314142571083574229523769, 1.3433602192753623498315522, 1.3549956072375764123584336, 1.3663386389969644140292540, 1.3774059069596455612524378, 1.3882125696011830242338144, 1.3987725153686710336067690, 1.4090985035455914420943598, 1.4192022858878477708677651, 1.4290947121207110513437709, 1.4387858218192631640039611, 1.4482849247441745112363437, 1.4576006713440198665086629, 1.4667411148449840430586557, 1.4757137661136492120988751, 1.4845256422870238106372984, 1.4931833100071420691542590, 1.5016929239684956079120518, 1.5100602613798279912544639, 1.5182907528531594796107284, 1.5263895101589326967313871, 1.5343613512241906534583159, 1.5422108226985644440289294]';
